1 KEY_A; 0;0 0;0
2 KEY_A; 0;0 0;0
3 KEY_A; 0;0 0;0
4 KEY_A; 0;0 0;0
5 KEY_A; 0;0 0;0
6 KEY_A; 0;0 0;0
7 KEY_A; 0;0 0;0
8 KEY_A; 0;0 0;0
9 KEY_A; 0;0 0;0
10 KEY_A; 0;0 0;0
11 KEY_A; 0;0 0;0
12 KEY_A; 0;0 0;0
13 KEY_A; 0;0 0;0
14 KEY_A; 0;0 0;0
15 KEY_A; 0;0 0;0
16 KEY_A; 0;0 0;0
17 KEY_A; 0;0 0;0
18 KEY_A; 0;0 0;0
19 KEY_A; 0;0 0;0
20 KEY_A; 0;0 0;0
21 KEY_A; 0;0 0;0
22 KEY_A; 0;0 0;0
23 KEY_A; 0;0 0;0
24 KEY_A; 0;0 0;0
25 KEY_A; 0;0 0;0
26 KEY_A; 0;0 0;0
27 KEY_A; 0;0 0;0
28 KEY_A; 0;0 0;0
29 KEY_A; 0;0 0;0
30 KEY_A; 0;0 0;0
31 KEY_A; 0;0 0;0
32 KEY_A; 0;0 0;0
33 KEY_A; 0;0 0;0
34 KEY_A; 0;0 0;0
35 KEY_A; 0;0 0;0
36 KEY_A; 0;0 0;0
37 KEY_A; 0;0 0;0
38 KEY_A; 0;0 0;0
39 KEY_A; 0;0 0;0
40 KEY_A; 0;0 0;0
41 KEY_A; 0;0 0;0
42 KEY_A; 0;0 0;0
43 KEY_A; 0;0 0;0
44 KEY_A; 0;0 0;0
45 KEY_A; 0;0 0;0
46 KEY_A; 0;0 0;0
47 KEY_A; 0;0 0;0
48 KEY_A; 0;0 0;0
49 KEY_A; 0;0 0;0
50 KEY_A; 0;0 0;0
51 KEY_A; 0;0 0;0
52 KEY_A; 0;0 0;0
53 KEY_A; 0;0 0;0
54 KEY_A; 0;0 0;0
55 KEY_A; 0;0 0;0
56 KEY_A; 0;0 0;0
57 KEY_A; 0;0 0;0
58 KEY_A; 0;0 0;0
59 KEY_A; 0;0 0;0
60 KEY_A; 0;0 0;0